1162 0.001641 -2.679943 13.006208
1163 0.073263 -2.738431 13.093577
1164 0.136730 -2.788680 13.175566
1165 0.211799 -2.836270 13.253098
1166 0.280522 -2.883784 13.333991
1167 0.345188 -2.935740 13.424105
1168 0.423069 -2.975751 13.505249
1169 0.488476 -3.011151 13.593858
1170 0.552949 -3.041634 13.680790
1171 0.627889 -3.073913 13.760852
1172 0.697209 -3.105694 13.844497
1173 0.763734 -3.134296 13.933338
1174 0.835974 -3.151037 14.013125
1175 0.908240 -3.167132 14.103800
1176 0.976119 -3.183871 14.177905
1177 1.038142 -3.189537 14.320227
1178 1.106841 -3.192603 14.406729
1179 1.175696 -3.197098 14.481954
1180 1.252325 -3.195523 14.564447
1181 1.311397 -3.176545 14.689271
1182 1.377934 -3.179730 14.767994
1183 1.451761 -3.165387 14.847339
1184 1.530578 -3.152870 14.931974
1185 1.343485 -3.115338 14.885625
1186 1.082424 -3.043496 14.801902
1187 0.806615 -3.070344 14.400354
1188 0.532973 -3.074027 14.022756
1189 0.256172 -3.081032 13.666753
1190 -0.015980 -3.088330 13.326225
1191 -0.319041 -3.078006 12.970583
1192 -0.613344 -3.071385 12.611905
1439 -0.120048 -2.766283 13.433720
1440 -0.057240 -2.814626 13.512234
1441 0.029918 -2.863819 13.597301
1442 0.105406 -2.909759 13.682864
1443 0.186446 -2.952961 13.763196
1444 0.258164 -2.994776 13.848936
1445 0.329796 -3.033459 13.926127
1446 0.404798 -3.063174 14.011953
1447 0.476080 -3.104116 14.086115
1448 0.560077 -3.147839 14.180058
1449 0.629230 -3.177354 14.254376
1450 0.698454 -3.208666 14.333867
1451 0.778492 -3.239733 14.419210
1452 0.854550 -3.261370 14.491483
1453 0.925311 -3.284436 14.572843
1454 0.999301 -3.307302 14.645451
1455 1.079277 -3.313228 14.728044
1456 1.149232 -3.322388 14.811542
1457 1.244414 -3.344803 14.836217
1458 1.349384 -3.382036 14.654054
1459 1.469609 -3.401425 14.440675
1460 1.592628 -3.446778 14.182525
1461 1.704711 -3.463463 13.938204
1462 1.824736 -3.463082 13.628028
1463 1.936300 -3.425600 13.297814
1464 1.865998 -3.366141 12.896723
1465 1.646128 -3.290153 12.426255
1466 1.437708 -3.216179 11.996239
1467 1.247812 -3.122641 11.530195
1468 1.068928 -3.035394 11.060416
1469 0.911307 -2.934347 10.568330
1470 0.777151 -2.843104 10.069325
1471 0.650772 -2.745450 9.520054
1729 -0.140787 -2.846902 13.354005
1730 -0.056002 -2.868875 13.431984
1731 0.018970 -2.889780 13.507914
1732 0.097336 -2.908927 13.587041
1733 0.191180 -2.925787 13.670613
1734 0.266159 -2.936140 13.744319
1735 0.337387 -2.935185 13.821449
1736 0.419287 -2.944798 13.894727
1737 0.497842 -2.936700 13.974837
1738 0.571825 -2.918362 14.071277
1739 0.652678 -2.923654 14.146333
1740 0.728209 -2.915482 14.209030
1741 0.807726 -2.880118 14.302998
1742 0.884733 -2.872073 14.366037
1743 0.962578 -2.863193 14.446127
1744 1.036791 -2.844026 14.518991
1745 1.113605 -2.821927 14.590759
1746 1.182415 -2.789911 14.670610
1747 1.283430 -2.800024 14.611441
1748 1.405917 -2.833251 14.419041
1749 1.526732 -2.855906 14.181953
1750 1.645990 -2.847260 13.941563
1751 1.763809 -2.835372 13.664445
1752 1.860256 -2.816449 13.370883
1753 1.659255 -2.777508 12.955403
1754 1.439175 -2.737749 12.557111
1755 1.232962 -2.687995 12.142686
1756 1.026024 -2.625073 11.705896
1757 0.837552 -2.568874 11.262016
1758 0.645187 -2.499165 10.816078
1759 0.516811 -2.436589 10.325958
1760 0.372434 -2.367052 9.850498
2222 0.096083 -2.828751 12.879450
2223 0.174070 -2.878477 12.957772
2224 0.249465 -2.924298 13.034905
2225 0.320769 -2.965457 13.114573
2226 0.396289 -3.003134 13.192338
2227 0.474367 -3.033591 13.270192
2228 0.546695 -3.059426 13.350141
2229 0.622850 -3.085047 13.428981
2230 0.700948 -3.109541 13.509519
2231 0.777449 -3.134815 13.592422
2232 0.848596 -3.145632 13.661701
2233 0.922500 -3.168494 13.757921
2234 0.999921 -3.185471 13.841722
2235 1.079222 -3.199437 13.898253
2236 1.149589 -3.216945 13.978774
2237 1.230823 -3.223478 14.048817
2238 1.301711 -3.229879 14.125832
2239 1.379680 -3.234868 14.193780
2240 1.449326 -3.234838 14.280511
2241 1.527898 -3.233524 14.347974
2242 1.601411 -3.228351 14.428411
2243 1.672955 -3.225968 14.499350
2244 1.752764 -3.204657 14.575496
2245 1.827674 -3.189095 14.656709
2246 1.899715 -3.155338 14.735583
2247 1.973840 -3.126161 14.807697
2248 2.042351 -3.106719 14.865164
2249 2.143873 -3.131587 14.644476
2250 2.239014 -3.116602 14.389171
2251 2.342136 -3.105485 14.139662
2252 2.438122 -3.081831 13.854946
2253 2.530642 -3.034946 13.557617
2254 2.441690 -2.974599 13.159429
2255 2.232388 -2.908472 12.726626
2256 1.995197 -2.836574 12.300975
2257 1.797048 -2.764200 11.872912
2258 1.596641 -2.685978 11.440073
2259 1.419388 -2.609935 10.977007
2260 1.226175 -2.536730 10.529607
2261 1.075776 -2.455747 10.054588
2262 0.946081 -2.383601 9.555886
2263 0.835248 -2.304587 9.034614
2499 -0.121996 -2.741298 13.276010
2500 -0.048051 -2.787596 13.350895
2501 0.033161 -2.825004 13.432765
2502 0.102885 -2.863107 13.515244
2503 0.181706 -2.899434 13.589385
2504 0.259502 -2.932205 13.671944
2505 0.334775 -2.962374 13.751330
2506 0.414292 -2.990373 13.821946
2507 0.491924 -3.023196 13.901372
2508 0.567192 -3.055379 13.983761
2509 0.644900 -3.083836 14.054083
2510 0.723135 -3.107654 14.132842
2511 0.798236 -3.133635 14.217180
2512 0.880111 -3.149781 14.277966
2513 0.954444 -3.156587 14.350945
2514 1.030311 -3.177758 14.437234
2515 1.108009 -3.183012 14.517146
2516 1.185289 -3.174959 14.593940
2517 1.259479 -3.181361 14.670228
2518 1.337231 -3.172877 14.747910
2519 1.415188 -3.164038 14.782335
2520 1.534794 -3.209138 14.577659
2521 1.651536 -3.217927 14.342871
2522 1.770495 -3.225352 14.080439
2523 1.878461 -3.242199 13.802331
2524 1.993851 -3.208867 13.481450
2525 2.111667 -3.165537 13.125634
2526 2.053986 -3.099621 12.731976
2527 1.859199 -3.023187 12.277830
2528 1.662353 -2.947162 11.821286
2529 1.491050 -2.862311 11.348272
2530 1.331067 -2.783209 10.875195
2531 1.188735 -2.696752 10.370309
2532 1.056051 -2.620545 9.858390
2533 0.963232 -2.543044 9.315248
2534 0.917806 -2.450156 8.705869
